1 153.0 149.6  
2 152.9 151.4 
3 149.0 149.0  
4 149.2 150.2  
5 145.5 15.2 
6 147.3 150.0  
7 147.1 149.4  
8 147.7 151.3  
9 153.3 150.5  
10 149.2 150.7  
11 147.7 149.7  
12 152.2 150.2  
13 150.0 150.4  
14 155.6 148.7  
15 149.7 152.5  
16 143.9 151.7  
17 144.5 149.6 
18 151.7 148.4
19 154.5 150.3
20 155.0 149.0
21 144.3 149.2
22 149.8 151.1
23 152.7 151.0
24 151.2 151.0
25 151.6 150.2
26 151.7 148.2
27 142.5 147.9
28 149.4 151.1
29 149.8 150.0
30 151.5 151.3
31 148.1 148.9
32 150.2 149.8
33 149.4 150.6
34 154.4 150.6
35 155.1 150.6
36 150.3 151.6
37 146.1 148.7
38 150.4 151.0
39 152.1 149.4
40 149.6 149.5
41 157.9 150.7
42 146.9 149.0
43 142.7 150.4
44 152.9 150.5
45 147.3 151.8
46 148.7 149.8
47 147.5 148.7
48 147.8 151.2
49 146.8 151.3
50 151.6 150.0